[gd_scene load_steps=15 format=2]

[ext_resource path="res://textures/aspgaltbz.jpg" type="Texture" id=1]
[ext_resource path="res://textures/box_texture.png" type="Texture" id=2]
[ext_resource path="res://RustVEH/RustVeh.tscn" type="PackedScene" id=3]
[ext_resource path="res://RustVEH/RustVeh.gd" type="Script" id=4]
[ext_resource path="res://orbita.jpg" type="Texture" id=5]
[ext_resource path="res://Toyota ae86/Toyota ae86.tscn" type="PackedScene" id=6]

[sub_resource type="PanoramaSky" id=6]
radiance_size = 0
panorama = ExtResource( 5 )

[sub_resource type="Environment" id=7]
background_mode = 2
background_sky = SubResource( 6 )

[sub_resource type="CubeMesh" id=1]

[sub_resource type="SpatialMaterial" id=2]
albedo_texture = ExtResource( 1 )
uv1_scale = Vector3( 1, 1, 20 )
uv1_triplanar = true

[sub_resource type="BoxShape" id=3]

[sub_resource type="CubeMesh" id=4]

[sub_resource type="SpatialMaterial" id=5]
albedo_texture = ExtResource( 2 )
uv1_scale = Vector3( 3, 2, 1 )

[sub_resource type="BoxShape" id=8]

[node name="MultiplayerRacing" type="Spatial"]

[node name="WorldEnvironment" type="WorldEnvironment" parent="."]
environment = SubResource( 7 )

[node name="DirectionalLight" type="DirectionalLight" parent="."]
transform = Transform( 1, 0, 0, 0, 0.75192, 0.659254, 0, -0.659254, 0.75192, 0, 26.8339, 0 )

[node name="StaticBody" type="StaticBody" parent="."]
transform = Transform( 1, 0, 0, 0, 1, 0, 0, 0, 1, 0, 0, 500 )

[node name="MeshInstance" type="MeshInstance" parent="StaticBody"]
transform = Transform( 20, 0, 0, 0, 0.1, 0, 0, 0, 500, 0, 0, 0 )
cast_shadow = 0
mesh = SubResource( 1 )
material/0 = SubResource( 2 )

[node name="CollisionShape" type="CollisionShape" parent="StaticBody"]
transform = Transform( 20, 0, 0, 0, 0.1, 0, 0, 0, 500, 0, 0, 0 )
shape = SubResource( 3 )

[node name="RigidBody" type="RigidBody" parent="."]
transform = Transform( 1, 0, 0, 0, 1, 0, 0, 0, 1, 0, 1.56793, 45.5378 )

[node name="MeshInstance" type="MeshInstance" parent="RigidBody"]
mesh = SubResource( 4 )
skeleton = NodePath("../..")
material/0 = SubResource( 5 )

[node name="CollisionShape" type="CollisionShape" parent="RigidBody"]
shape = SubResource( 8 )

[node name="VehicleBody" parent="." instance=ExtResource( 3 )]
transform = Transform( -4.37114e-08, 0, -1, 0, 1, 0, 1, 0, -4.37114e-08, -4.99789, 1.20576, 9.09176 )
script = ExtResource( 4 )

[node name="Camera" type="Camera" parent="VehicleBody"]
transform = Transform( -4.32201e-08, 0.105865, -0.994381, 9.255e-09, 0.994381, 0.105865, 1, -4.6275e-09, -4.3957e-08, -8.903, 2.934, -0.624599 )
current = true

[node name="Toyota ae86" parent="." instance=ExtResource( 6 )]
transform = Transform( -1, 0, 8.74228e-08, 0, 1, 0, -8.74228e-08, 0, -1, 0.5377, 1.206, 9.092 )
engine_force_value = 800

[node name="Camera" type="Camera" parent="Toyota ae86"]
transform = Transform( 1, -1.21155e-08, -8.43585e-10, 1.21155e-08, 0.99035, 0.138585, -8.43585e-10, -0.138585, 0.99035, 2.86102e-06, 3.44762, 8.2565 )
